  -0.7463
  0.1102
  0.005
  -0.7453
  0.1127
  6.5E-4
  -0.74529
  0.113075
  1.5E-4
  -0.745428
  0.113009
  3.0E-5
  -0.16
  1.0405
  0.026
  -0.925
  0.266
  0.032
  -1.25066
  0.02012
  1.7E-4
  -0.748
  0.1
  0.0014
  -0.235125
  0.827215
  4.0E-5
  -0.722
  0.246
  0.019
  -0.7463
  0.1102
  0.005
  -0.7453
  0.1127
  6.5E-4
  -0.74529
  0.113075
  1.5E-4
  -0.745428
  0.113009
  3.0E-5
  -0.16
  1.0405
  0.026
  -0.925
  0.266
  0.032
  -1.25066
  0.02012
  1.7E-4
  -0.748
  0.1
  0.0014
  -0.235125
  0.827215
  4.0E-5
  -0.722
  0.246
  0.019
  -1.315180982097868
  0.073481649996795
  1.0E-13
  -0.156653458
  1.039128122
  2.0E-9
  -0.15680460
  1.03902070
  1.0E-12
  -0.16070135
  1.0375665
  1.0E-7
  0.2549870375144766
  -0.0005679790528465
  1.0E-13
  0.267235642726
  -0.003347589624
  1.15E-10
  -0.0452407411
  0.986816213
  1.75E-7
  -0.0452407411
  0.9868162204352258
  4.4E-9
  -0.0452407411
  0.9868162204352258
  6.8E-10
  -0.0452407411
  0.9868162204352258
  2.7E-10
  -0.04524074130409
  0.9868162207157838
  2.3E-12
  -0.04524074130409
  0.9868162207157852
  6.8E-14
  0.281717921930775
  0.5771052841488505
  5.15E-12
  0.281717921930775
  0.5771052841488505
  1.25E-12
  0.281717921930775
  0.5771052841488505
  4.75E-13
  0.281717921930775
  0.5771052841488505
  1.78E-13
  0.281717921930775
  0.5771052841488505
  8.5E-14
  0.281717921930775
  0.5771052841488505
  4.0E-14
  0.281717921930775
  0.5771052841488505
  1.92E-14
  -0.840719
  0.22442
  7.9E-5
  -0.81153120295763
  0.20142958206181
  3.0E-4
  -0.81153120295763
  0.20142958206181
  5.9E-6
  -0.81153120295763
  0.20142958206181
  4.6E-8
  -0.81153120295763
  0.20142958206181
  1.51E-9
  -0.81153120295763
  0.20142958206181
  1.12E-13
  -0.8115312340458353
  0.2014296112433656
  3.4E-14
  0.452721018749286
  0.39649427698014
  1.1E-13
  0.45272105023
  0.396494224267
  2.7E-9
  0.45272105023
  0.396494224267
  3.9E-10
  0.45272105023
  0.396494224267
  1.4E-10
  -1.1533577030005
  0.307486987838885
  5.3E-10
  -1.1533577030005
  0.307486987838885
  9.5E-14
  -1.15412664822215
  0.30877492767139
  3.1E-9
  -1.15412664822215
  0.30877492767139
  6.2E-11
  -1.15412664822215
  0.30877492767139
  9.5E-12
  -1.15412664822215
  0.30877492767139
  3.7E-12
  -1.7590170270659
  0.01916067191295
  1.1E-12
  -1.99999911758738
  0.0
  1.48E-12
  -1.99999911758738
  0.0
  5.9E-13
  -1.99999911758738
  0.0
  2.5E-13
  0.432539867562512
  0.226118675951765
  3.2E-6
  0.432539867562512
  0.226118675951765
  3.2E-13
  0.432539867562512
  0.226118675951765
  7.3E-14
  0.432539867562512
  0.226118675951818
  1.82E-14
  0.3369844464869
  0.048778219666
  1.8E-11
  0.3369844464873
  0.0487782196791
  4.2E-12
  0.33698444648918
  0.048778219681
  2.1E-13
  0.2929859127507
  0.6117848324958
  6.7E-7
  0.2929859127507
  0.6117848324958
  8.6E-10
  0.2929859127507
  0.6117848324958
  4.4E-11
  0.2929859127507
  0.6117848324958
  1.0E-11
  -0.936532336
  0.2633616
  1.75E-7
  -0.7336438924199521
  0.2455211406714035
  4.3E-10
  -0.7336438924199521
  0.2455211406714035
  4.5E-14